1754035727000|2025-08-01 16:08:47|/v1/demo/order|1|0|0|0|0|0|0|1
1754035727000|2025-08-01 16:08:47|__total_inbound_traffic__|1|0|0|0|0|0|0|0
1754035732000|2025-08-01 16:08:52|/v1/demo/order|0|0|1|0|5189|0|0|1
1754035732000|2025-08-01 16:08:52|__total_inbound_traffic__|0|0|1|0|5189|0|0|0
1754035769000|2025-08-01 16:09:29|/v1/demo/order|1|0|0|0|0|0|0|1
1754035769000|2025-08-01 16:09:29|__total_inbound_traffic__|1|0|0|0|0|0|0|0
1754035789000|2025-08-01 16:09:49|/v1/demo/order|0|0|1|0|19461|0|0|1
1754035789000|2025-08-01 16:09:49|__total_inbound_traffic__|0|0|1|0|19461|0|0|0
1754035854000|2025-08-01 16:10:54|/v1/demo/order|1|0|0|0|0|0|0|1
1754035854000|2025-08-01 16:10:54|__total_inbound_traffic__|1|0|0|0|0|0|0|0
1754035877000|2025-08-01 16:11:17|/v1/demo/order|0|0|1|0|22850|0|0|1
1754035877000|2025-08-01 16:11:17|__total_inbound_traffic__|0|0|1|0|22850|0|0|0
1754036405000|2025-08-01 16:20:05|/v1/demo/order|1|0|0|0|0|0|0|1
1754036405000|2025-08-01 16:20:05|__total_inbound_traffic__|1|0|0|0|0|0|0|0
1754036408000|2025-08-01 16:20:08|/v1/demo/order|0|0|1|0|3612|0|0|1
1754036408000|2025-08-01 16:20:08|__total_inbound_traffic__|0|0|1|0|3612|0|0|0
1754036475000|2025-08-01 16:21:15|/v1/demo/order|1|0|0|0|0|0|0|1
1754036475000|2025-08-01 16:21:15|__total_inbound_traffic__|1|0|0|0|0|0|0|0
1754036484000|2025-08-01 16:21:24|/v1/demo/order|0|0|1|0|8898|0|0|1
1754036484000|2025-08-01 16:21:24|__total_inbound_traffic__|0|0|1|0|8898|0|0|0
1754036535000|2025-08-01 16:22:15|/v1/demo/order|1|0|0|0|0|0|0|1
1754036535000|2025-08-01 16:22:15|__total_inbound_traffic__|1|0|0|0|0|0|0|0
1754036540000|2025-08-01 16:22:20|/v1/demo/order|0|0|1|0|4728|0|0|1
1754036540000|2025-08-01 16:22:20|__total_inbound_traffic__|0|0|1|0|4728|0|0|0
