1754034777000|2025-08-01 15:52:57|/v1/demo/user/{userId}|1|0|1|0|100|0|0|1
1754034777000|2025-08-01 15:52:57|__total_inbound_traffic__|1|0|1|0|100|0|0|0
1754034781000|2025-08-01 15:53:01|/v1/demo/order|1|0|1|0|312|0|0|1
1754034781000|2025-08-01 15:53:01|__total_inbound_traffic__|1|0|1|0|312|0|0|0
1754034799000|2025-08-01 15:53:19|/v1/demo/order|1|0|1|0|15|0|0|1
1754034799000|2025-08-01 15:53:19|__total_inbound_traffic__|1|0|1|0|15|0|0|0
1754034862000|2025-08-01 15:54:22|/v1/demo/order|1|0|1|0|17|0|0|1
1754034862000|2025-08-01 15:54:22|__total_inbound_traffic__|1|0|1|0|17|0|0|0
1754034875000|2025-08-01 15:54:35|/v1/demo/order|1|0|0|0|0|0|0|1
1754034875000|2025-08-01 15:54:35|__total_inbound_traffic__|1|0|0|0|0|0|0|0
1754034881000|2025-08-01 15:54:41|/v1/demo/order|0|0|1|0|6023|0|0|1
1754034881000|2025-08-01 15:54:41|__total_inbound_traffic__|0|0|1|0|6023|0|0|0
1754034901000|2025-08-01 15:55:01|/v1/demo/order|1|0|0|0|0|0|0|1
1754034901000|2025-08-01 15:55:01|__total_inbound_traffic__|1|0|0|0|0|0|0|0
1754034963000|2025-08-01 15:56:03|/v1/demo/order|0|0|1|0|61457|0|0|1
1754034963000|2025-08-01 15:56:03|__total_inbound_traffic__|0|0|1|0|61457|0|0|0
1754034973000|2025-08-01 15:56:13|/v1/demo/order|1|0|0|0|0|0|0|1
1754034973000|2025-08-01 15:56:13|__total_inbound_traffic__|1|0|0|0|0|0|0|0
1754034975000|2025-08-01 15:56:15|/v1/demo/order|0|0|1|0|2547|0|0|1
1754034975000|2025-08-01 15:56:15|__total_inbound_traffic__|0|0|1|0|2547|0|0|0
1754034985000|2025-08-01 15:56:25|/v1/demo/order|1|0|0|0|0|0|0|1
1754034985000|2025-08-01 15:56:25|__total_inbound_traffic__|1|0|0|0|0|0|0|0
1754035002000|2025-08-01 15:56:42|/v1/demo/order|0|0|1|0|17113|0|0|1
1754035002000|2025-08-01 15:56:42|__total_inbound_traffic__|0|0|1|0|17113|0|0|0
1754035006000|2025-08-01 15:56:46|/v1/demo/order|1|0|1|0|10|0|0|1
1754035006000|2025-08-01 15:56:46|__total_inbound_traffic__|1|0|1|0|10|0|0|0
1754035018000|2025-08-01 15:56:58|/v1/demo/order|1|0|1|0|9|0|0|1
1754035018000|2025-08-01 15:56:58|__total_inbound_traffic__|1|0|1|0|9|0|0|0
1754035019000|2025-08-01 15:56:59|/v1/demo/order|1|0|1|0|12|0|0|1
1754035019000|2025-08-01 15:56:59|__total_inbound_traffic__|1|0|1|0|12|0|0|0
1754035075000|2025-08-01 15:57:55|/v1/demo/order|1|0|1|0|14|0|0|1
1754035075000|2025-08-01 15:57:55|__total_inbound_traffic__|1|0|1|0|14|0|0|0
1754035077000|2025-08-01 15:57:57|/v1/demo/order|1|0|1|0|10|0|0|1
1754035077000|2025-08-01 15:57:57|__total_inbound_traffic__|1|0|1|0|10|0|0|0
1754035711000|2025-08-01 16:08:31|/v1/demo/user/{userId}|1|0|1|0|1|0|0|1
1754035711000|2025-08-01 16:08:31|__total_inbound_traffic__|1|0|1|0|1|0|0|0
1754035815000|2025-08-01 16:10:15|/v1/demo/order|1|0|1|0|23|0|0|1
1754035815000|2025-08-01 16:10:15|__total_inbound_traffic__|1|0|1|0|23|0|0|0
1754036562000|2025-08-01 16:22:42|/v1/demo/order|1|0|1|0|46|0|0|1
1754036562000|2025-08-01 16:22:42|__total_inbound_traffic__|1|0|1|0|46|0|0|0
