1754032574000|2025-08-01 15:16:14|/v1/demo/user/{userId}|1|0|1|0|48|0|0|1
1754032574000|2025-08-01 15:16:14|__total_inbound_traffic__|1|0|1|0|48|0|0|0
1754032588000|2025-08-01 15:16:28|/v1/demo/order|1|0|0|0|0|0|0|1
1754032588000|2025-08-01 15:16:28|__total_inbound_traffic__|1|0|0|0|0|0|0|0
1754032598000|2025-08-01 15:16:38|/error|1|0|1|0|11|0|0|1
1754032598000|2025-08-01 15:16:38|/v1/demo/order|0|0|1|1|10082|0|0|1
1754032598000|2025-08-01 15:16:38|__total_inbound_traffic__|1|0|2|1|5046|0|0|0
1754032651000|2025-08-01 15:17:31|/v1/demo/order|1|0|0|0|0|0|0|1
1754032651000|2025-08-01 15:17:31|__total_inbound_traffic__|1|0|0|0|0|0|0|0
1754032661000|2025-08-01 15:17:41|/error|1|0|1|0|1|0|0|1
1754032661000|2025-08-01 15:17:41|/v1/demo/order|0|0|1|1|9819|0|0|1
1754032661000|2025-08-01 15:17:41|__total_inbound_traffic__|1|0|2|1|4910|0|0|0
1754032904000|2025-08-01 15:21:44|/v1/demo/order|1|0|0|0|0|0|0|1
1754032904000|2025-08-01 15:21:44|__total_inbound_traffic__|1|0|0|0|0|0|0|0
1754032905000|2025-08-01 15:21:45|/v1/demo/order|0|0|1|0|389|0|0|1
1754032905000|2025-08-01 15:21:45|__total_inbound_traffic__|0|0|1|0|389|0|0|0
1754032914000|2025-08-01 15:21:54|/v1/demo/order|1|0|0|0|0|0|0|1
1754032914000|2025-08-01 15:21:54|__total_inbound_traffic__|1|0|0|0|0|0|0|0
1754032917000|2025-08-01 15:21:57|/v1/demo/order|0|0|1|0|3539|0|0|1
1754032917000|2025-08-01 15:21:57|__total_inbound_traffic__|0|0|1|0|3539|0|0|0
1754033020000|2025-08-01 15:23:40|/v1/demo/order|1|0|0|0|0|0|0|1
1754033020000|2025-08-01 15:23:40|__total_inbound_traffic__|1|0|0|0|0|0|0|0
1754033024000|2025-08-01 15:23:44|/v1/demo/order|0|0|1|0|3536|0|0|1
1754033024000|2025-08-01 15:23:44|__total_inbound_traffic__|0|0|1|0|3536|0|0|0
1754033039000|2025-08-01 15:23:59|/v1/demo/order|1|0|0|0|0|0|0|1
1754033039000|2025-08-01 15:23:59|__total_inbound_traffic__|1|0|0|0|0|0|0|0
1754033043000|2025-08-01 15:24:03|/v1/demo/order|0|0|1|0|3543|0|0|1
1754033043000|2025-08-01 15:24:03|__total_inbound_traffic__|0|0|1|0|3543|0|0|0
1754033058000|2025-08-01 15:24:18|/v1/demo/order|1|0|1|0|13|0|0|1
1754033058000|2025-08-01 15:24:18|__total_inbound_traffic__|1|0|1|0|13|0|0|0
1754033575000|2025-08-01 15:32:55|/v1/demo/user/{userId}|1|0|1|0|3|0|0|1
1754033575000|2025-08-01 15:32:55|__total_inbound_traffic__|1|0|1|0|3|0|0|0
1754033579000|2025-08-01 15:32:59|/v1/demo/order|1|0|1|0|83|0|0|1
1754033579000|2025-08-01 15:32:59|__total_inbound_traffic__|1|0|1|0|83|0|0|0
1754033621000|2025-08-01 15:33:41|/v1/demo/order|1|0|1|0|15|0|0|1
1754033621000|2025-08-01 15:33:41|__total_inbound_traffic__|1|0|1|0|15|0|0|0
1754033633000|2025-08-01 15:33:53|/v1/demo/order|1|0|1|0|12|0|0|1
1754033633000|2025-08-01 15:33:53|__total_inbound_traffic__|1|0|1|0|12|0|0|0
