1754017142000|2025-08-01 10:59:02|/v1/demo/user/{userId}|1|0|1|0|128|0|0|1
1754017142000|2025-08-01 10:59:02|__total_inbound_traffic__|1|0|1|0|128|0|0|0
1754017152000|2025-08-01 10:59:12|/v1/demo/user/{userId}|1|0|1|0|3|0|0|1
1754017152000|2025-08-01 10:59:12|__total_inbound_traffic__|1|0|1|0|3|0|0|0
1754017154000|2025-08-01 10:59:14|/v1/demo/user/{userId}|1|0|1|0|1|0|0|1
1754017154000|2025-08-01 10:59:14|__total_inbound_traffic__|1|0|1|0|1|0|0|0
1754017373000|2025-08-01 11:02:53|/v1/demo/user/{userId}|1|0|1|0|1|0|0|1
1754017373000|2025-08-01 11:02:53|__total_inbound_traffic__|1|0|1|0|1|0|0|0
1754017375000|2025-08-01 11:02:55|/v1/demo/user/{userId}|1|0|1|0|3|0|0|1
1754017375000|2025-08-01 11:02:55|__total_inbound_traffic__|1|0|1|0|3|0|0|0
1754017377000|2025-08-01 11:02:57|/v1/demo/user/{userId}|1|0|1|0|2|0|0|1
1754017377000|2025-08-01 11:02:57|__total_inbound_traffic__|1|0|1|0|2|0|0|0
1754017439000|2025-08-01 11:03:59|/v1/demo/user/{userId}|1|0|1|0|2|0|0|1
1754017439000|2025-08-01 11:03:59|__total_inbound_traffic__|1|0|1|0|2|0|0|0
1754017445000|2025-08-01 11:04:05|/v1/demo/user/{userId}|1|0|1|0|2|0|0|1
1754017445000|2025-08-01 11:04:05|__total_inbound_traffic__|1|0|1|0|2|0|0|0
1754017446000|2025-08-01 11:04:06|/v1/demo/user/{userId}|1|0|1|0|2|0|0|1
1754017446000|2025-08-01 11:04:06|__total_inbound_traffic__|1|0|1|0|2|0|0|0
