1754278840000|2025-08-04 11:40:40|auth_route|1|0|0|0|0|0|0|3
1754278840000|2025-08-04 11:40:40|__total_inbound_traffic__|1|0|0|0|0|0|0|0
1754278848000|2025-08-04 11:40:48|auth_route|0|0|1|0|7683|0|0|3
1754278848000|2025-08-04 11:40:48|__total_inbound_traffic__|0|0|1|0|7683|0|0|0
1754278894000|2025-08-04 11:41:34|auth_route|1|0|0|0|0|0|0|3
1754278894000|2025-08-04 11:41:34|__total_inbound_traffic__|1|0|0|0|0|0|0|0
1754278897000|2025-08-04 11:41:37|auth_route|0|0|1|0|3295|0|0|3
1754278897000|2025-08-04 11:41:37|__total_inbound_traffic__|0|0|1|0|3295|0|0|0
1754278915000|2025-08-04 11:41:55|demo_route|1|0|1|1|192|0|0|3
1754278915000|2025-08-04 11:41:55|__total_inbound_traffic__|1|0|1|1|192|0|0|0
1754278926000|2025-08-04 11:42:06|auth_route|1|0|1|1|3|0|0|3
1754278926000|2025-08-04 11:42:06|__total_inbound_traffic__|1|0|1|1|3|0|0|0
1754279064000|2025-08-04 11:44:24|demo_route|1|0|1|0|33|0|0|3
1754279064000|2025-08-04 11:44:24|__total_inbound_traffic__|1|0|1|0|33|0|0|0
1754279084000|2025-08-04 11:44:44|demo_route|1|0|0|0|0|0|0|3
1754279084000|2025-08-04 11:44:44|__total_inbound_traffic__|1|0|0|0|0|0|0|0
1754279107000|2025-08-04 11:45:07|demo_route|0|0|1|0|22836|0|0|3
1754279107000|2025-08-04 11:45:07|__total_inbound_traffic__|0|0|1|0|22836|0|0|0
1754287840000|2025-08-04 14:10:40|auth_route|1|0|1|0|20|0|0|3
1754287840000|2025-08-04 14:10:40|__total_inbound_traffic__|1|0|1|0|20|0|0|0
1754287853000|2025-08-04 14:10:53|demo_route|1|0|1|0|12|0|0|3
1754287853000|2025-08-04 14:10:53|__total_inbound_traffic__|1|0|1|0|12|0|0|0
1754287869000|2025-08-04 14:11:09|demo_route|1|0|0|0|0|0|0|3
1754287869000|2025-08-04 14:11:09|__total_inbound_traffic__|1|0|0|0|0|0|0|0
1754287874000|2025-08-04 14:11:14|demo_route|0|0|1|0|4772|0|0|3
1754287874000|2025-08-04 14:11:14|__total_inbound_traffic__|0|0|1|0|4772|0|0|0
1754287916000|2025-08-04 14:11:56|demo_route|1|0|0|0|0|0|0|3
1754287916000|2025-08-04 14:11:56|__total_inbound_traffic__|1|0|0|0|0|0|0|0
1754287920000|2025-08-04 14:12:00|demo_route|0|0|1|0|4219|0|0|3
1754287920000|2025-08-04 14:12:00|__total_inbound_traffic__|0|0|1|0|4219|0|0|0
1754287947000|2025-08-04 14:12:27|demo_route|1|0|1|0|15|0|0|3
1754287947000|2025-08-04 14:12:27|__total_inbound_traffic__|1|0|1|0|15|0|0|0
1754287961000|2025-08-04 14:12:41|demo_route|1|0|1|0|15|0|0|3
1754287961000|2025-08-04 14:12:41|__total_inbound_traffic__|1|0|1|0|15|0|0|0
1754287976000|2025-08-04 14:12:56|demo_route|1|0|0|0|0|0|0|3
1754287976000|2025-08-04 14:12:56|__total_inbound_traffic__|1|0|0|0|0|0|0|0
1754287986000|2025-08-04 14:13:06|demo_route|0|0|1|0|9826|0|0|3
1754287986000|2025-08-04 14:13:06|__total_inbound_traffic__|0|0|1|0|9826|0|0|0
