1754035691000|2025-08-01 16:08:11|auth_route|1|0|0|0|0|0|0|3
1754035691000|2025-08-01 16:08:11|__total_inbound_traffic__|1|0|0|0|0|0|0|0
1754035692000|2025-08-01 16:08:12|auth_route|0|0|1|0|414|0|0|3
1754035692000|2025-08-01 16:08:12|__total_inbound_traffic__|0|0|1|0|414|0|0|0
1754035711000|2025-08-01 16:08:31|demo_route|1|0|1|0|95|0|0|3
1754035711000|2025-08-01 16:08:31|__total_inbound_traffic__|1|0|1|0|95|0|0|0
1754035727000|2025-08-01 16:08:47|demo_route|1|0|0|0|0|0|0|3
1754035727000|2025-08-01 16:08:47|__total_inbound_traffic__|1|0|0|0|0|0|0|0
1754035732000|2025-08-01 16:08:52|demo_route|0|0|1|0|5632|0|0|3
1754035732000|2025-08-01 16:08:52|__total_inbound_traffic__|0|0|1|0|5632|0|0|0
1754035769000|2025-08-01 16:09:29|demo_route|1|0|0|0|0|0|0|3
1754035769000|2025-08-01 16:09:29|__total_inbound_traffic__|1|0|0|0|0|0|0|0
1754035789000|2025-08-01 16:09:49|demo_route|0|0|1|0|19471|0|0|3
1754035789000|2025-08-01 16:09:49|__total_inbound_traffic__|0|0|1|0|19471|0|0|0
1754035815000|2025-08-01 16:10:15|demo_route|1|0|1|0|44|0|0|3
1754035815000|2025-08-01 16:10:15|__total_inbound_traffic__|1|0|1|0|44|0|0|0
1754035854000|2025-08-01 16:10:54|demo_route|1|0|0|0|0|0|0|3
1754035854000|2025-08-01 16:10:54|__total_inbound_traffic__|1|0|0|0|0|0|0|0
1754035877000|2025-08-01 16:11:17|demo_route|0|0|1|0|22860|0|0|3
1754035877000|2025-08-01 16:11:17|__total_inbound_traffic__|0|0|1|0|22860|0|0|0
1754036405000|2025-08-01 16:20:05|demo_route|1|0|0|0|0|0|0|3
1754036405000|2025-08-01 16:20:05|__total_inbound_traffic__|1|0|0|0|0|0|0|0
1754036409000|2025-08-01 16:20:09|demo_route|0|0|1|0|3623|0|0|3
1754036409000|2025-08-01 16:20:09|__total_inbound_traffic__|0|0|1|0|3623|0|0|0
1754036475000|2025-08-01 16:21:15|demo_route|1|0|0|0|0|0|0|3
1754036475000|2025-08-01 16:21:15|__total_inbound_traffic__|1|0|0|0|0|0|0|0
1754036484000|2025-08-01 16:21:24|demo_route|0|0|1|0|8909|0|0|3
1754036484000|2025-08-01 16:21:24|__total_inbound_traffic__|0|0|1|0|8909|0|0|0
1754036535000|2025-08-01 16:22:15|demo_route|1|0|0|0|0|0|0|3
1754036535000|2025-08-01 16:22:15|__total_inbound_traffic__|1|0|0|0|0|0|0|0
1754036540000|2025-08-01 16:22:20|demo_route|0|0|1|0|4735|0|0|3
1754036540000|2025-08-01 16:22:20|__total_inbound_traffic__|0|0|1|0|4735|0|0|0
1754036562000|2025-08-01 16:22:42|demo_route|1|0|1|0|55|0|0|3
1754036562000|2025-08-01 16:22:42|__total_inbound_traffic__|1|0|1|0|55|0|0|0
1754041533000|2025-08-01 17:45:33|auth_route|1|0|0|0|0|0|0|3
1754041533000|2025-08-01 17:45:33|__total_inbound_traffic__|1|0|0|0|0|0|0|0
1754041534000|2025-08-01 17:45:34|auth_route|0|0|1|0|1114|0|0|3
1754041534000|2025-08-01 17:45:34|__total_inbound_traffic__|0|0|1|0|1114|0|0|0
1754041569000|2025-08-01 17:46:09|auth_route|1|0|1|0|954|0|0|3
1754041569000|2025-08-01 17:46:09|__total_inbound_traffic__|1|0|1|0|954|0|0|0
1754041600000|2025-08-01 17:46:40|auth_route|1|0|0|0|0|0|0|3
1754041600000|2025-08-01 17:46:40|__total_inbound_traffic__|1|0|0|0|0|0|0|0
1754041603000|2025-08-01 17:46:43|auth_route|0|0|1|0|3425|0|0|3
1754041603000|2025-08-01 17:46:43|__total_inbound_traffic__|0|0|1|0|3425|0|0|0
